0 1150
1 655
2 493
3 365
4 476
5 288
6 177
7 288
8 322
9 408
10 186
11 160
12 271
13 245
14 220
15 399
16 254
17 553
18 280
19 501
20 681
21 962
22 723
23 472
24 527
25 544
26 527
27 638
28 408
29 416
30 442
31 263
32 297
33 305
34 228
35 416
36 237
37 391
38 382
39 339
40 467
41 365
42 450
43 382
44 442
45 433
46 467
47 809
48 450
49 373
50 356
51 536
52 356
53 322
54 288
55 365
56 305
57 501
58 373
59 450
60 322
61 365
62 908
63 518
64 750
65 546
66 509
67 757
68 467
69 664
70 382
71 425
72 695
73 565
74 462
75 555
76 620
77 723
78 578
79 425
80 544
81 416
82 501
83 373
84 254
85 348
86 433
87 493
88 510
89 604
90 885
91 220
92 245
93 288
94 237
95 314
96 314
97 416
98 305
99 792
100 570
101 903
102 356
103 476
104 481
105 592
106 527
107 490
108 407
109 416
110 382
111 339
112 331
113 382
114 868
115 408
116 536
117 459
118 715
119 527
120 288
121 399
122 391
123 382
124 356
125 263
126 314
127 331
128 271
129 399
130 459
131 322
132 169
133 254
134 271
135 459
136 425
137 356
138 459
139 391
140 348
141 314
142 314
143 280
144 536
145 740
146 442
147 339
148 433
149 356
150 339
151 493
152 339
153 416
154 459
155 365
156 339
157 476
158 510
159 553
160 484
161 476
162 493
163 450
164 391
165 254
166 450
167 365
168 331
169 527
170 399
171 527
172 578
173 459
174 860
175 339
176 280
177 928
178 254
179 629
180 501
181 595
182 416
183 425
184 339
185 462
186 407
187 277
188 351
189 425
190 1176
191 1355
192 1338
193 1457
194 1380
195 664
196 621
197 903
198 740
199 664
200 664
201 612
202 467
203 706
204 425
205 399
206 416
207 399
208 416
209 391
210 322
211 391
212 954
213 937
214 1167
215 1150
216 1244
217 817
218 629
219 868
220 467
221 1005
222 297
223 322
224 245
225 339
226 297
227 339
228 305
229 297
230 288
231 348
232 647
233 732
234 484
235 382
236 416
237 382
238 493
239 467
240 536
241 476
242 373
243 391
244 740
245 527
246 339
247 467
248 476
249 365
250 689
251 433
252 203
253 425
254 638
255 1978
256 1116
257 826
258 885
259 638
260 356
261 322
262 288
263 373
264 297
265 280
266 382
267 280
268 280
269 493
270 322
271 399
272 433
273 510
274 462
275 305
276 481
277 370
278 370
279 453
280 444
281 444
282 373
283 587
284 271
285 280
286 305
287 408
288 391
289 245
290 263
291 237
292 322
293 339
294 629
295 373
296 399
297 595
298 450
299 245
300 271
301 211
302 297
303 288
304 263
305 237
306 297
307 314
308 331
309 1449
310 1022
311 536
312 280
313 331
314 331
315 221
316 323
317 221
318 184
319 193
320 356
321 305
322 288
323 373
324 834
325 425
326 638
327 416
328 365