

[-1, 51, 52, 53, 54, 55, 56, 57, 58, 59, 60, 61, 62, 96, 96, 96, 96, 96, 96, 96, 96, 96, 96, 96, 96, 96, 96, 96, 96, 96, 96, 96, 96, 96, 96, 96, 96, 96, 96, 96, 96, 96, 96, 96, 96, 96, 96, 96, 96, 96, 96, 96, 96, 96, 96, 96, 96, 96, 96, 96, 97, 98, 99, 100, 101, 38, 38, 38, 38, 38, 38, 38, 38, 38, 38, 38, 38, 38, 39, 39, 40, 40, 40, 40, 40, 40, 41, 42, 42, 43, 44, 44, 44, 44, 45, 45, 46, 46, 46, 46, 46, 46, 46, 46, 47, 48, 48, 48, 49, 83, 83, 83, 83, 83, 83, 84, 84, 84, 85, 85, 85, 85, 85, 86, 86, 87, 87, 88, 88, 88, 88, 88, 89, 89, 89, 90, 90, 91, 91, 91, 91, 92, 92, 92, 92, 93, 93, 94, 51, 51, 51, 51, 51, 51, 51, 51, 51, 52, 52, 53, 53, 53, 53, 53, 54, 54, 55, 55, 55, 56, 57, 57, 57, 57, 57, 58, 58, 58, 59, 59, 59, 59, 60, 60, 60, 60, 60, 60, 60, 61, 61, 62, 62, 62, 62, 62, 62, 62, 62, 62, 62, 62, 62, 12, 12, 12, 12, 12, 12, 12, 12, 12, 12, 13, 13, 14, 14, 14, 14, 14, 15, 15, 16, 16, 17, 17, 17, 18, 18, 18, 18, 19, 19, 20, 20, 20, 20, 20, 5, 6, 7, 8, 8, 8, 8, 8, 9, 10, 10, 10, 10, 10, 64, 64, 64, 64, 64, 64, 65, 65, 66, 66, 66, 66, 66, 67, 67, 68, 69, 70, 70, 71, 71, 72, 72, 72, 72, 73, 74, 75, 76, 76, 76, 77, 77, 78, 78, 78, 79, 79, 80, 81, 81, 81, 81, 22, 22, 22, 22, 23, 23, 24, 24, 24, 24, 24, 25, 26, 27, 28, 28, 28, 28, 28, 28, 28, 29, 30, 30, 30, 30, 30, 31, 31, 32, 32, 32, 33, 34, 34, 34, 34, 34, 35, 35, 35, 35, 35, 36, 36, 36, 36, 36, 36, 36, 36, 36, 36, 36, 36, 36, 36, 36, 36, 36, 51, 52, 53, 54, 55, 56, 57, 58, 59, 60, 61, 62, 96, 96, 96, 96, 96, 96, 96, 96, 96, 96, 96, 96, 96, 96, 96, 96, 96, 96, 96, 96, 97, 98, 99, 100, 101, 102]

[picked the peter piper picked peck of pickled peppers picked the]
[peter piper picked a peck of pickled peppers]
(0, 1, 4) 8


[-1, 51, 52, 53, 54, 55, 56, 57, 58, 58, 59, 60, 61, 62, 96, 96, 96, 96, 96, 96, 96, 96, 96, 96, 96, 96, 96, 96, 96, 96, 96, 96, 96, 96, 96, 96, 96, 96, 96, 96, 96, 96, 97, 98, 99, 100, 101, 38, 38, 38, 38, 38, 39, 39, 40, 40, 40, 41, 41, 41, 41, 41, 41, 42, 42, 43, 43, 44, 44, 45, 45, 46, 46, 46, 46, 46, 46, 47, 48, 49, 51, 52, 53, 54, 55, 56, 57, 58, 59, 60, 61, 62, 62, 62, 62, 62, 62, 62, 62, 1, 1, 1, 2, 2, 2, 2, 3, 3, 3, 3, 3, 51, 51, 51, 51, 51, 51, 52, 52, 53, 53, 53, 53, 53, 54, 55, 55, 56, 57, 58, 59, 60, 60, 60, 61, 61, 62, 51, 51, 51, 52, 52, 53, 53, 53, 53, 53, 53, 53, 54, 55, 55, 56, 57, 57, 57, 57, 57, 58, 58, 58, 58, 59, 59, 59, 60, 60, 60, 61, 61, 62, 62, 62, 62, 62, 62, 51, 51, 51, 51, 51, 51, 51, 51, 52, 52, 52, 53, 53, 53, 53, 53, 53, 53, 54, 55, 55, 55, 56, 57, 57, 57, 57, 57, 58, 58, 58, 58, 58, 58, 58, 59, 59, 59, 59, 59, 59, 59, 60, 60, 60, 61, 61, 61, 61, 61, 61, 61, 61, 62, 64, 65, 66, 67, 67, 67, 68, 68, 69, 70, 70, 70, 70, 70, 71, 71, 72, 72, 72, 72, 72, 73, 74, 75, 76, 76, 76, 76, 77, 77, 78, 78, 78, 79, 79, 80, 81, 81, 81, 81, 81, 81, 81, 81, 81, 22, 23, 24, 24, 24, 24, 24, 25, 25, 25, 25, 26, 26, 27, 27, 27, 27, 28, 28, 28, 28, 28, 28, 28, 29, 29, 30, 30, 30, 30, 31, 32, 33, 34, 34, 34, 34, 34, 34, 34, 34, 34, 34, 34, 34, 35, 35, 35, 35, 36, 36, 36, 36, 36, 36, 36, 36, 36, 36, 36, 36, 36, 36, 36, 36, 51, 52, 53, 54, 55, 56, 57, 58, 59, 60, 61, 62, 96, 96, 96, 96, 96, 96, 96, 96, 96, 96, 96, 96, 96, 96, 96, 96, 96, 96, 96, 96, 96, 96, 97, 98, 99, 100, 101, 101, 101, 101, 101, 102]

[picked the peter picked a picked picked picked pickled peppers picked the]
[peter piper picked a peck of pickled peppers]
(4, 0, 4) 8


[-1, 51, 52, 53, 54, 55, 56, 57, 58, 59, 60, 61, 62, 22, 22, 22, 22, 22, 22, 22, 22, 22, 23, 23, 24, 24, 24, 24, 25, 25, 25, 25, 26, 26, 27, 27, 27, 27, 28, 28, 28, 28, 28, 28, 28, 29, 29, 30, 30, 30, 30, 30, 30, 31, 32, 33, 34, 34, 34, 34, 34, 34, 34, 35, 35, 36, 36, 36, 36, 36, 64, 64, 64, 64, 64, 64, 65, 65, 66, 66, 66, 67, 68, 68, 69, 70, 70, 70, 70, 70, 70, 71, 71, 71, 72, 72, 72, 72, 73, 74, 75, 76, 76, 76, 76, 76, 77, 77, 78, 78, 78, 79, 79, 79, 80, 80, 81, 81, 81, 81, 38, 38, 38, 38, 39, 39, 40, 40, 40, 40, 40, 41, 41, 41, 42, 42, 42, 43, 43, 44, 44, 45, 45, 46, 46, 46, 46, 46, 46, 46, 46, 46, 46, 46, 46, 47, 48, 48, 49, 49, 49, 49, 5, 5, 5, 5, 5, 5, 5, 6, 6, 6, 7, 8, 8, 8, 8, 8, 8, 8, 8, 8, 8, 9, 10, 10, 10, 10, 10, 96, 96, 96, 96, 97, 98, 98, 98, 99, 100, 101, 83, 83, 83, 83, 84, 84, 85, 85, 85, 85, 85, 85, 86, 86, 86, 87, 87, 88, 88, 88, 88, 88, 88, 88, 89, 89, 89, 89, 90, 90, 91, 91, 91, 91, 91, 91, 92, 93, 94, 12, 12, 12, 12, 12, 12, 12, 12, 12, 12, 13, 13, 14, 14, 14, 14, 14, 14, 14, 14, 14, 15, 16, 16, 16, 17, 17, 18, 18, 18, 18, 18, 18, 19, 19, 19, 19, 19, 19, 19, 19, 19, 19, 19, 19, 19, 19, 19, 19, 19, 20, 20, 20, 20, 20, 20, 20, 20, 20, 20, 20, 96, 96, 96, 96, 96, 96, 96, 96, 96, 96, 96, 96, 96, 96, 96, 96, 96, 96, 96, 96, 96, 96, 96, 96, 96, 96, 96, 96, 96, 96, 96, 96, 96, 96, 96, 97, 98, 99, 100, 101, 102]

[picked peppers pickled peter of the piper peck the]
[peppers pickled peter of the piper peck]
(0, 0, 2) 7


[-1, 51, 52, 53, 54, 55, 56, 57, 58, 58, 59, 60, 61, 62, 96, 96, 96, 96, 96, 96, 96, 96, 96, 96, 96, 96, 96, 96, 96, 96, 96, 96, 96, 96, 96, 96, 96, 96, 96, 96, 96, 96, 96, 96, 96, 96, 96, 96, 96, 96, 96, 96, 96, 96, 96, 96, 96, 96, 96, 97, 98, 99, 100, 101, 12, 12, 12, 12, 12, 12, 12, 12, 12, 12, 12, 12, 13, 13, 14, 14, 14, 14, 14, 14, 14, 14, 14, 15, 16, 16, 17, 17, 17, 18, 18, 18, 18, 18, 18, 18, 18, 19, 19, 20, 20, 20, 20, 20, 20, 20, 20, 20, 38, 38, 38, 38, 38, 38, 38, 38, 38, 38, 38, 39, 39, 40, 40, 40, 40, 41, 41, 41, 42, 42, 42, 43, 44, 44, 45, 45, 46, 46, 46, 46, 46, 46, 46, 46, 46, 46, 47, 48, 49, 51, 51, 51, 51, 51, 51, 51, 51, 51, 51, 52, 52, 53, 53, 53, 53, 53, 53, 53, 54, 55, 55, 55, 56, 57, 57, 57, 57, 57, 58, 58, 58, 58, 58, 58, 58, 58, 59, 59, 59, 59, 60, 60, 60, 60, 60, 61, 62, 62, 103, 103, 103, 103, 103, 103, 103, 104, 104, 105, 105, 105, 105, 105, 106, 107, 107, 107, 108, 109, 110, 111, 112, 112, 112, 112, 112, 113, 113, 113, 114, 114, 114, 114, 96, 96, 96, 96, 96, 96, 96, 97, 98, 99, 100, 101, 64, 64, 64, 64, 65, 65, 66, 66, 66, 66, 66, 67, 68, 68, 69, 70, 70, 70, 70, 70, 71, 71, 71, 72, 72, 72, 73, 74, 75, 76, 76, 76, 77, 78, 78, 79, 79, 79, 80, 80, 81, 81, 81, 81, 22, 22, 22, 23, 23, 24, 24, 24, 24, 24, 24, 25, 26, 26, 27, 27, 28, 28, 28, 28, 28, 28, 28, 28, 29, 29, 30, 30, 30, 31, 32, 33, 34, 34, 34, 34, 34, 34, 35, 35, 36, 36, 36, 36, 38, 38, 38, 38, 38, 39, 39, 40, 40, 40, 40, 41, 41, 41, 42, 42, 43, 43, 44, 44, 45, 45, 46, 46, 46, 46, 46, 46, 46, 47, 48, 49, 1, 2, 3, 1, 2, 3, 3, 3, 3, 3, 3, 3, 3, 3, 3, 3, 3, 51, 52, 53, 54, 55, 56, 57, 58, 59, 60, 61, 62, 96, 96, 96, 96, 96, 96, 96, 96, 96, 96, 96, 96, 96, 96, 96, 96, 96, 96, 96, 96, 96, 96, 96, 96, 96, 96, 96, 96, 96, 96, 96, 96, 96, 96, 96, 96, 96, 96, 96, 96, 96, 96, 96, 96, 96, 96, 96, 96, 96, 96, 96, 96, 96, 96, 96, 96, 96, 96, 96, 96, 96, 96, 96, 96, 96, 97, 98, 99, 100, 101, 101, 102]

[picked the peck peter picked where's the pickled peppers peter a a picked the]
[piper peter picked where's the pickled peppers peter]
(1, 0, 6) 8


[-1, 51, 52, 53, 54, 55, 56, 57, 58, 59, 60, 61, 62, 96, 96, 96, 96, 96, 96, 96, 96, 96, 96, 96, 96, 96, 96, 96, 96, 96, 96, 96, 96, 96, 96, 96, 96, 97, 98, 99, 100, 101, 12, 12, 12, 12, 12, 12, 12, 12, 12, 12, 13, 13, 14, 14, 14, 14, 14, 14, 15, 15, 15, 16, 16, 16, 17, 17, 17, 17, 18, 18, 18, 19, 19, 19, 19, 19, 19, 19, 19, 19, 19, 19, 19, 19, 19, 19, 19, 19, 19, 19, 19, 20, 64, 65, 66, 67, 68, 68, 68, 69, 70, 70, 70, 70, 70, 71, 71, 72, 72, 72, 72, 72, 72, 73, 74, 75, 76, 76, 76, 77, 77, 78, 78, 79, 79, 80, 80, 81, 81, 81, 81, 81, 12, 13, 14, 15, 16, 17, 18, 19, 20, 20, 1, 1, 1, 2, 2, 2, 2, 3, 3, 3, 3, 3, 3, 3, 51, 51, 51, 51, 52, 52, 53, 53, 53, 54, 54, 54, 54, 55, 55, 55, 56, 56, 57, 58, 59, 60, 61, 62, 62, 62, 5, 6, 7, 8, 8, 8, 8, 8, 8, 8, 8, 8, 9, 10, 10, 10, 10, 10, 10, 10, 96, 96, 96, 97, 98, 98, 99, 100, 101, 38, 38, 38, 39, 39, 39, 40, 40, 40, 40, 40, 41, 41, 41, 41, 42, 42, 43, 43, 44, 44, 45, 45, 46, 46, 46, 46, 46, 46, 46, 46, 46, 47, 48, 49, 22, 22, 22, 22, 22, 22, 22, 23, 23, 24, 24, 24, 24, 24, 25, 26, 26, 26, 27, 27, 27, 28, 28, 28, 28, 28, 28, 28, 28, 29, 29, 30, 30, 30, 30, 30, 31, 32, 33, 34, 34, 34, 34, 34, 34, 34, 34, 34, 34, 34, 34, 34, 35, 35, 35, 35, 36, 36, 36, 36, 36, 36, 36, 36, 36, 36, 36, 36, 36, 36, 36, 36, 51, 52, 53, 54, 55, 56, 57, 58, 59, 60, 61, 62, 96, 96, 96, 96, 96, 96, 96, 96, 96, 96, 96, 96, 96, 96, 96, 96, 96, 96, 96, 96, 96, 96, 96, 96, 96, 96, 96, 96, 97, 98, 99, 99, 100, 101, 102]

[picked the peck pickled peck a picked of the peter peppers picked the]
[peck pickled piper of the peter peppers]
(1, 0, 6) 7
