(1, 0, 4) 17
(1, 0, 4) 7
(1, 0, 2) 6
(0, 0, 2) 4
(1, 1, 2) 7
(0, 0, 3) 4
(0, 0, 1) 2
(0, 0, 3) 5
(0, 0, 1) 6
(1, 0, 2) 8
(0, 0, 2) 1
(0, 0, 2) 1
(1, 0, 3) 1
(0, 0, 2) 1
(0, 0, 2) 1
(0, 0, 3) 6
(0, 0, 3) 3
(2, 0, 5) 8
(2, 0, 3) 6
(0, 0, 4) 3
(0, 0, 7) 7
(2, 0, 9) 10
(1, 0, 12) 8
(0, 0, 5) 4
(0, 0, 4) 6
(1, 0, 5) 7
(1, 0, 4) 8
(2, 0, 4) 8
(2, 0, 4) 5
(2, 0, 4) 7
(2, 1, 2) 9
(2, 0, 4) 5
(2, 0, 3) 5
(0, 0, 1) 5
(0, 0, 2) 5
(0, 0, 2) 4
(0, 0, 3) 3
(0, 1, 2) 8
(2, 1, 3) 8
(0, 0, 2) 7
(1, 0, 3) 8
(1, 0, 3) 7
(2, 0, 2) 11
(2, 0, 5) 7
(3, 0, 5) 8
(5, 0, 4) 6
(5, 0, 5) 11
(2, 1, 4) 17
(1, 0, 3) 8
(1, 0, 3) 9
(2, 0, 3) 5
(3, 0, 3) 11
(2, 0, 4) 8
(1, 0, 2) 6
(0, 0, 4) 4
(1, 0, 7) 9
(1, 0, 2) 7
(2, 2, 2) 8
(2, 0, 6) 8
(1, 0, 4) 6
(0, 0, 3) 5
(0, 0, 2) 5
(4, 1, 7) 17
(4, 0, 3) 7
(4, 0, 6) 12
(3, 0, 5) 8
(2, 0, 5) 8
(2, 0, 8) 8
(1, 0, 2) 5
(2, 0, 3) 9
(1, 0, 3) 4
(0, 0, 3) 5
(6, 0, 6) 9
(1, 0, 2) 8
(2, 0, 3) 8
(1, 0, 3) 9
(2, 0, 5) 9
(1, 0, 5) 9
(0, 0, 2) 9
(0, 0, 3) 6
(0, 0, 2) 8
(0, 0, 2) 5
(2, 0, 3) 3
(0, 0, 4) 3
(0, 4, 2) 9
(2, 1, 2) 11
(2, 0, 5) 8
(3, 0, 4) 9
(2, 4, 4) 17
(4, 0, 5) 17
(1, 0, 9) 17
(1, 0, 2) 4
(0, 1, 2) 5
(0, 0, 3) 5
(0, 0, 2) 3
(1, 0, 2) 5
(0, 0, 3) 6
(1, 0, 3) 8
(1, 0, 3) 7
(1, 0, 3) 11
(0, 0, 4) 10
(2, 0, 4) 14
(0, 0, 3) 4
(1, 0, 4) 7
(2, 0, 7) 6
(1, 1, 3) 9
(1, 1, 4) 8
(1, 0, 3) 8
(1, 0, 2) 7
(0, 0, 6) 6
(1, 0, 4) 8
(1, 0, 4) 6
(0, 0, 3) 5
(0, 0, 3) 7
(7, 0, 4) 8
(1, 0, 4) 3
(5, 0, 5) 9
(2, 0, 6) 4
(3, 0, 5) 8
(3, 0, 6) 4
(1, 0, 2) 3
(1, 0, 3) 4
(1, 0, 3) 4
(5, 0, 5) 6
(1, 0, 5) 5
(0, 0, 2) 3
(3, 0, 4) 4
(1, 0, 1) 5
(0, 0, 2) 3
(3, 0, 5) 8
(1, 0, 6) 9
(2, 0, 6) 5
(0, 0, 2) 2
(1, 0, 4) 3
(1, 0, 4) 5
(2, 0, 4) 7
(2, 0, 8) 6
(2, 0, 4) 5
(2, 0, 2) 6
(5, 0, 2) 8
(5, 0, 6) 8
(3, 0, 4) 8
(4, 0, 4) 9
(1, 0, 1) 8
(1, 1, 2) 8
(3, 0, 7) 9
(0, 0, 3) 3
(1, 0, 4) 3
(2, 0, 5) 4
(2, 0, 4) 6
(2, 0, 3) 6
(1, 0, 3) 9
(1, 0, 2) 5
(1, 0, 2) 8
(3, 0, 3) 8
(0, 0, 2) 5
(2, 0, 6) 4
(3, 0, 7) 9
(3, 0, 4) 8
(1, 0, 4) 9
(4, 0, 5) 8
(4, 0, 4) 9
(4, 0, 5) 7
(3, 0, 5) 8
(2, 0, 5) 5
(2, 0, 4) 3
(3, 0, 4) 8
(2, 0, 3) 6
(2, 0, 3) 6
(1, 0, 3) 10
(1, 0, 3) 5
(3, 0, 5) 8
(2, 0, 2) 9
(3, 0, 5) 8
(7, 1, 2) 17
(0, 0, 2) 2
(1, 0, 3) 2
(1, 0, 6) 9
(2, 0, 4) 2
(3, 0, 5) 6
(3, 0, 3) 8
(2, 0, 3) 8
(1, 0, 3) 4
(0, 0, 2) 6
(0, 0, 2) 5
(2, 1, 4) 6
(2, 0, 4) 6
(0, 0, 4) 3
(0, 0, 3) 5
(3, 0, 3) 6
(3, 0, 8) 17
(4, 0, 5) 17
(3, 0, 8) 17
(4, 1, 6) 17
(2, 0, 8) 17
(6, 0, 2) 8
(4, 0, 6) 9
(6, 0, 12) 17
(6, 0, 7) 17
(7, 0, 6) 17
(11, 0, 10) 17
(7, 0, 5) 17
(1, 1, 2) 10
(1, 0, 2) 17
(0, 0, 2) 7
(0, 0, 2) 7
(0, 1, 2) 8
(2, 0, 4) 8
(6, 0, 5) 9
(1, 0, 3) 6
(4, 0, 4) 8
(3, 0, 2) 9
(7, 0, 9) 17
(9, 1, 8) 16
(6, 1, 9) 14
(8, 0, 12) 16
(7, 0, 7) 16
(3, 0, 3) 11
(0, 0, 2) 5
(2, 0, 7) 12
(2, 0, 5) 9
(3, 1, 6) 17
(0, 0, 2) 6
(0, 0, 2) 7
(0, 0, 2) 6
(0, 0, 2) 7
(2, 0, 3) 6
(3, 0, 5) 7
(3, 0, 3) 7
(3, 0, 6) 5
(3, 0, 5) 6
(4, 0, 5) 7
(1, 0, 3) 17
(3, 0, 4) 17
(0, 0, 4) 6
(0, 0, 3) 4
(3, 0, 4) 8
(1, 0, 2) 3
(0, 0, 3) 5
(0, 1, 2) 8
(1, 0, 4) 9
(0, 0, 3) 6
(1, 0, 3) 7
(1, 0, 4) 7
(4, 0, 6) 7
(3, 0, 7) 5
(0, 0, 4) 3
(1, 0, 3) 3
(3, 0, 6) 4
(2, 0, 4) 6
(3, 0, 4) 18
(2, 0, 3) 11
(1, 0, 5) 3
(4, 1, 4) 10
(3, 0, 4) 17
(2, 1, 9) 17
(5, 0, 7) 17
(4, 0, 6) 17
(3, 1, 6) 17
(5, 0, 7) 17
(2, 0, 5) 6
(2, 0, 5) 5
(3, 0, 7) 5
(2, 0, 5) 6
(1, 0, 3) 4
(2, 0, 2) 3
(4, 0, 2) 6
(4, 0, 3) 6
(4, 0, 2) 6
(1, 0, 2) 5
(0, 0, 2) 3
(2, 0, 2) 4
(2, 0, 4) 6
(5, 1, 3) 7
(0, 0, 2) 4
(0, 0, 3) 3
(1, 0, 3) 7
(0, 0, 4) 4
(0, 0, 3) 4
(4, 0, 3) 4
(2, 0, 4) 5
(3, 0, 5) 7
(1, 0, 4) 5
(8, 0, 7) 17
(0, 0, 3) 2
(0, 0, 2) 4
(0, 0, 3) 3
(1, 0, 5) 8
(1, 0, 3) 6
(1, 0, 3) 3
(2, 0, 3) 4
(1, 0, 3) 3
(0, 0, 2) 4
(1, 1, 4) 5
(1, 0, 3) 5
(3, 0, 2) 6
(0, 0, 3) 4
(2, 0, 3) 9
(1, 0, 3) 5
(1, 0, 2) 7
(0, 0, 3) 3
(0, 0, 1) 4
(1, 0, 3) 8
(3, 0, 5) 5
(0, 0, 2) 5
(0, 1, 2) 5
(1, 0, 1) 7
(1, 0, 2) 6
(2, 0, 5) 6
(6, 0, 14) 16
(7, 0, 13) 17
(1, 0, 5) 5
(1, 0, 4) 3
(3, 0, 10) 4
(1, 1, 6) 6
(0, 1, 4) 3
(2, 1, 2) 5
(2, 0, 3) 3
(0, 0, 3) 3
(1, 0, 2) 4
(1, 0, 4) 3
(2, 0, 3) 4
(1, 0, 3) 3
(1, 0, 3) 3
(6, 0, 9) 17
(2, 1, 5) 8
(6, 0, 9) 12
(4, 0, 6) 8
(5, 0, 4) 9
