(1, 0, 11) 17
(1, 0, 9) 7
(1, 0, 6) 6
(0, 0, 8) 4
(1, 1, 5) 7
(0, 0, 6) 4
(0, 0, 4) 2
(0, 0, 8) 5
(0, 0, 3) 6
(2, 0, 6) 8
(0, 0, 4) 1
(0, 0, 4) 1
(1, 0, 6) 1
(0, 0, 8) 1
(0, 0, 7) 1
(0, 0, 7) 6
(0, 0, 5) 3
(2, 0, 8) 8
(2, 0, 6) 6
(0, 0, 11) 3
(1, 0, 19) 7
(2, 0, 21) 10
(1, 0, 19) 8
(0, 0, 5) 4
(2, 0, 11) 6
(1, 0, 12) 7
(1, 0, 14) 8
(2, 0, 12) 8
(1, 0, 9) 5
(0, 1, 9) 7
(2, 0, 4) 9
(2, 0, 7) 5
(2, 0, 8) 5
(1, 0, 3) 5
(0, 0, 4) 5
(0, 0, 4) 4
(0, 0, 5) 3
(0, 1, 4) 8
(4, 0, 4) 8
(0, 0, 2) 7
(1, 0, 6) 8
(1, 0, 6) 7
(3, 0, 5) 11
(2, 0, 9) 7
(2, 0, 12) 8
(4, 0, 10) 6
(3, 1, 13) 11
(2, 1, 9) 17
(1, 0, 7) 8
(1, 0, 3) 9
(2, 0, 5) 5
(3, 0, 7) 11
(2, 0, 7) 8
(1, 0, 6) 6
(0, 0, 7) 4
(1, 0, 8) 9
(1, 0, 4) 7
(5, 0, 4) 8
(2, 0, 8) 8
(1, 0, 12) 6
(0, 0, 8) 5
(0, 0, 6) 5
(4, 1, 14) 17
(3, 0, 14) 7
(3, 0, 12) 12
(2, 0, 11) 8
(3, 0, 9) 8
(2, 0, 12) 8
(1, 0, 6) 5
(2, 0, 9) 9
(1, 0, 8) 4
(1, 0, 5) 5
(5, 0, 12) 9
(1, 0, 9) 8
(2, 0, 8) 8
(1, 0, 10) 9
(2, 0, 7) 9
(1, 0, 11) 9
(1, 0, 6) 9
(0, 0, 7) 6
(1, 0, 10) 8
(0, 0, 12) 5
(2, 0, 6) 3
(0, 0, 7) 3
(7, 0, 0) 9
(2, 1, 3) 11
(2, 0, 9) 8
(3, 0, 15) 9
(2, 4, 5) 17
(4, 0, 10) 17
(1, 0, 13) 17
(1, 0, 4) 4
(1, 0, 4) 5
(0, 0, 7) 5
(0, 0, 3) 3
(1, 0, 5) 5
(1, 0, 6) 6
(2, 0, 6) 8
(2, 0, 3) 7
(1, 0, 8) 11
(0, 0, 7) 10
(2, 0, 12) 14
(1, 0, 7) 4
(1, 0, 11) 7
(3, 0, 13) 6
(2, 0, 8) 9
(3, 0, 8) 8
(1, 0, 6) 8
(0, 0, 4) 7
(0, 0, 10) 6
(1, 0, 7) 8
(1, 0, 8) 6
(0, 0, 6) 5
(0, 0, 5) 7
(5, 0, 16) 8
(1, 0, 7) 3
(4, 0, 11) 9
(2, 0, 14) 4
(3, 0, 16) 8
(3, 0, 15) 4
(2, 0, 8) 3
(2, 0, 7) 4
(1, 0, 5) 4
(4, 0, 10) 6
(1, 0, 8) 5
(0, 0, 6) 3
(2, 0, 6) 4
(1, 0, 5) 5
(0, 0, 4) 3
(3, 0, 9) 8
(1, 0, 10) 9
(2, 0, 12) 5
(0, 0, 3) 2
(1, 0, 7) 3
(1, 0, 8) 5
(3, 0, 10) 7
(2, 0, 11) 6
(3, 0, 8) 5
(1, 0, 8) 6
(4, 0, 8) 8
(5, 0, 10) 8
(3, 0, 7) 8
(3, 0, 6) 9
(4, 0, 3) 8
(2, 0, 5) 8
(3, 0, 10) 9
(0, 0, 9) 3
(1, 0, 9) 3
(2, 0, 11) 4
(2, 0, 7) 6
(2, 0, 7) 6
(1, 0, 8) 9
(1, 0, 6) 5
(1, 0, 4) 8
(3, 0, 5) 8
(1, 0, 5) 5
(2, 0, 7) 4
(3, 0, 9) 9
(2, 0, 5) 8
(2, 0, 9) 9
(4, 0, 8) 8
(2, 0, 10) 9
(3, 0, 10) 7
(3, 0, 9) 8
(2, 0, 7) 5
(2, 0, 9) 3
(3, 0, 10) 8
(1, 0, 9) 6
(1, 0, 4) 6
(1, 0, 10) 10
(1, 0, 7) 5
(3, 0, 10) 8
(3, 0, 5) 9
(3, 0, 11) 8
(8, 0, 11) 17
(0, 0, 9) 2
(1, 0, 4) 2
(1, 0, 20) 9
(1, 0, 9) 2
(1, 0, 12) 6
(3, 0, 6) 8
(2, 0, 5) 8
(1, 0, 7) 4
(0, 0, 5) 6
(1, 0, 6) 5
(1, 1, 14) 6
(2, 0, 11) 6
(0, 0, 6) 3
(0, 0, 5) 5
(2, 0, 9) 6
(3, 0, 21) 17
(6, 0, 22) 17
(3, 0, 25) 17
(6, 0, 26) 17
(2, 0, 25) 17
(4, 0, 18) 8
(4, 0, 13) 9
(5, 0, 22) 17
(4, 1, 14) 17
(7, 0, 10) 17
(10, 0, 13) 17
(7, 0, 5) 17
(2, 0, 9) 10
(1, 0, 7) 17
(0, 0, 6) 7
(0, 0, 5) 7
(1, 0, 7) 8
(2, 0, 9) 8
(5, 0, 7) 9
(1, 0, 5) 6
(4, 0, 7) 8
(3, 0, 5) 9
(5, 0, 15) 17
(7, 1, 17) 16
(7, 0, 20) 14
(5, 1, 29) 16
(6, 0, 21) 16
(2, 0, 12) 11
(0, 0, 15) 5
(2, 0, 12) 12
(3, 0, 9) 9
(3, 1, 11) 17
(0, 0, 6) 6
(0, 0, 5) 7
(0, 0, 4) 6
(0, 0, 6) 7
(2, 0, 8) 6
(3, 0, 9) 7
(3, 0, 5) 7
(2, 0, 8) 5
(3, 0, 8) 6
(3, 0, 8) 7
(1, 0, 4) 17
(2, 0, 6) 17
(0, 0, 9) 6
(0, 0, 7) 4
(3, 0, 4) 8
(1, 0, 5) 3
(0, 0, 10) 5
(1, 0, 5) 8
(1, 0, 6) 9
(0, 0, 8) 6
(1, 0, 5) 7
(1, 0, 8) 7
(3, 0, 15) 7
(2, 0, 13) 5
(0, 0, 10) 3
(1, 0, 12) 3
(3, 0, 11) 4
(2, 0, 8) 6
(3, 0, 6) 18
(2, 0, 4) 11
(1, 0, 7) 3
(4, 1, 6) 10
(3, 0, 5) 17
(2, 0, 38) 17
(2, 0, 25) 17
(4, 0, 10) 17
(4, 0, 20) 17
(4, 0, 11) 17
(1, 0, 10) 6
(1, 0, 10) 5
(3, 0, 9) 5
(2, 0, 9) 6
(1, 0, 8) 4
(2, 0, 11) 3
(2, 0, 10) 6
(2, 0, 6) 6
(3, 0, 7) 6
(0, 0, 10) 5
(0, 0, 7) 3
(1, 0, 9) 4
(1, 0, 9) 6
(4, 0, 10) 7
(0, 0, 6) 4
(0, 0, 6) 3
(1, 0, 9) 7
(0, 0, 9) 4
(0, 0, 7) 4
(0, 1, 8) 4
(2, 0, 5) 5
(2, 0, 11) 7
(1, 0, 9) 5
(7, 0, 11) 17
(0, 0, 7) 2
(0, 0, 5) 4
(0, 0, 5) 3
(2, 0, 7) 8
(1, 0, 6) 6
(1, 0, 5) 3
(1, 0, 6) 4
(1, 0, 8) 3
(0, 0, 5) 4
(2, 0, 6) 5
(0, 0, 11) 5
(3, 0, 9) 6
(0, 0, 8) 4
(1, 0, 10) 9
(2, 0, 10) 5
(1, 0, 4) 7
(0, 0, 5) 3
(0, 0, 3) 4
(2, 0, 5) 8
(3, 0, 7) 5
(0, 0, 2) 5
(0, 0, 2) 5
(1, 0, 2) 7
(1, 0, 4) 6
(2, 0, 6) 6
(7, 0, 34) 16
(6, 0, 33) 17
(2, 0, 22) 5
(1, 0, 10) 3
(2, 0, 12) 4
(1, 0, 8) 6
(1, 0, 4) 3
(2, 0, 4) 5
(2, 0, 6) 3
(1, 0, 2) 3
(1, 0, 4) 4
(1, 0, 9) 3
(3, 0, 9) 4
(1, 0, 7) 3
(1, 0, 6) 3
(6, 0, 16) 17
(2, 1, 8) 8
(5, 0, 16) 12
(4, 0, 8) 8
(4, 0, 6) 9
